0 0.4602 0.1911904761904762 0.2104 0.32642857142857146
0 0.18723333333333333 0.3948809523809524 0.3038 0.33398809523809525
0 0.1311 0.7532738095238095 0.16076666666666667 0.10136904761904762
0 0.29506666666666664 0.6197619047619047 0.06646666666666667 0.08767857142857143
0 0.3559 0.6299404761904762 0.0326 0.0530952380952381
0 0.3581666666666667 0.5436904761904762 0.03713333333333334 0.06077380952380953
0 0.3593 0.45494047619047623 0.029166666666666667 0.06333333333333334
0 0.4126 0.4575 0.026333333333333334 0.03791666666666667
0 0.47626666666666667 0.45267857142857143 0.03576666666666667 0.04958333333333333
0 0.5349666666666667 0.45416666666666666 0.030066666666666665 0.04047619047619048
0 0.5402333333333333 0.5394047619047619 0.0218 0.04297619047619047
0 0.5394 0.6182142857142857 0.023533333333333333 0.054107142857142854
0 0.4775666666666667 0.5380952380952382 0.026366666666666667 0.04958333333333333
0 0.4231333333333333 0.5464880952380953 0.0406 0.0694047619047619
0 0.4173 0.6271428571428571 0.027200000000000002 0.04446428571428571
0 0.4827 0.635297619047619 0.0332 0.06071428571428571
1 0.1838 0.11363095238095237 0.36763333333333337 0.22726190476190475
1 0.026233333333333334 0.4602380952380952 0.05246666666666667 0.45553571428571427
1 0.14076666666666665 0.618452380952381 0.1938 0.2225