1 0.03563333333333333 0.40791666666666665 0.07126666666666666 0.1432142857142857
1 0.18266666666666664 0.4104166666666667 0.0861 0.12386904761904761
1 0.1378 0.5472619047619047 0.20663333333333334 0.11672619047619047
1 0.2969333333333333 0.5460119047619048 0.14713333333333334 0.12940476190476188
1 0.28423333333333334 0.39571428571428574 0.04483333333333333 0.10660714285714286
1 0.3969333333333333 0.42749999999999994 0.16593333333333335 0.08779761904761904
1 0.4294 0.5747619047619048 0.0873 0.12892857142857142
1 0.5788666666666666 0.5630357142857143 0.18623333333333333 0.12380952380952381
1 0.6280333333333333 0.3742857142857143 0.27599999999999997 0.35077380952380954
1 0.7935666666666666 0.4480952380952381 0.03953333333333333 0.10761904761904761
1 0.8648 0.5136904761904761 0.08286666666666666 0.11065476190476191
1 0.9270666666666667 0.42773809523809525 0.14586666666666667 0.2866666666666666